# C++ MultiValSparseBin Focused Test Results
# num_data=5, num_bin=128
# Format: bin_index gradient_sum hessian_sum
1 1.200000047683716 0.899999976158142
2 0.100000001490116 0.500000000000000
5 -0.300000011920929 0.400000005960464
8 0.100000001490116 0.500000000000000
10 0.500000000000000 0.600000023841858
15 -0.300000011920929 0.400000005960464
20 -0.800000011920929 0.699999988079071
25 0.500000000000000 0.600000023841858
30 1.200000047683716 0.899999976158142
40 -0.800000011920929 0.699999988079071
50 -0.300000011920929 0.400000005960464
60 -0.800000011920929 0.699999988079071
75 -0.300000011920929 0.400000005960464
90 0.100000001490116 0.500000000000000
100 0.500000000000000 0.600000023841858
